   9.5000000e+02
   9.5100000e+02
   1.0010000e+03
   1.0020000e+03
   1.0520000e+03
   1.0530000e+03
   1.1030000e+03
   1.1040000e+03
   1.1540000e+03
   1.1550000e+03
   1.2050000e+03
   1.2060000e+03
   1.2560000e+03
   1.2570000e+03
   1.3070000e+03
   1.3080000e+03
   1.3580000e+03
   1.3590000e+03
   1.4090000e+03
   1.4100000e+03
   1.4600000e+03
   1.4610000e+03
   1.5110000e+03
   1.5120000e+03
   1.5620000e+03
   1.5630000e+03
   1.6130000e+03
   1.6140000e+03
   1.6640000e+03
   1.6650000e+03
   1.7150000e+03
   1.7160000e+03
   1.7660000e+03
   1.7670000e+03
   1.8170000e+03
   1.8180000e+03
   1.8680000e+03
   1.8690000e+03
   1.9190000e+03
   1.9200000e+03
   1.9700000e+03
   1.9710000e+03
   2.0210000e+03
   2.0220000e+03
   2.0720000e+03
   2.0730000e+03
   2.1230000e+03
   2.1240000e+03
   2.1740000e+03
   2.1750000e+03
   2.2250000e+03
   2.2260000e+03
   2.2760000e+03
   2.2770000e+03
   2.3270000e+03
   2.3280000e+03
   2.3780000e+03
   2.3790000e+03
   2.4290000e+03
   2.4300000e+03
   2.4800000e+03
   2.4810000e+03
   2.5310000e+03
   2.5320000e+03
   2.5820000e+03
   2.5830000e+03
   2.6330000e+03
   2.6340000e+03
   2.6840000e+03
   2.6850000e+03
   2.7350000e+03
   2.7360000e+03
   2.7860000e+03
   2.7870000e+03
   2.8370000e+03
   2.8380000e+03
   2.8880000e+03
   2.8890000e+03
   2.9390000e+03
   2.9400000e+03
   2.9900000e+03
   2.9910000e+03
   3.0410000e+03
   3.0420000e+03
   3.0920000e+03
   3.0930000e+03
   3.1430000e+03
   3.1440000e+03
   3.1940000e+03
   3.1950000e+03
   3.2450000e+03
   3.2460000e+03
   3.2960000e+03
   3.2970000e+03
   3.3470000e+03
   3.3480000e+03
   3.3980000e+03
   3.3990000e+03
   3.4490000e+03
   3.4500000e+03
   3.5000000e+03
   3.5010000e+03
   3.5510000e+03
   3.5520000e+03
   3.6020000e+03
   3.6030000e+03
   3.6530000e+03
   3.6540000e+03
   3.7040000e+03
   3.7050000e+03
   3.7550000e+03
   3.7560000e+03
   3.8060000e+03
   3.8070000e+03
   3.8570000e+03
   3.8580000e+03
   3.9080000e+03
   3.9090000e+03
   3.9590000e+03
   3.9600000e+03
   4.0100000e+03
   4.0110000e+03
   4.0610000e+03
   4.0620000e+03
   4.1120000e+03
   4.1130000e+03
   4.1630000e+03
   4.1640000e+03
   4.2140000e+03
   4.2150000e+03
   4.2650000e+03
   4.2660000e+03
   4.3160000e+03
   4.3170000e+03
   4.3670000e+03
   4.3680000e+03
   4.4180000e+03
   4.4190000e+03
   4.4690000e+03
   4.4700000e+03
   4.5200000e+03
   4.5210000e+03
   4.5710000e+03
   4.5720000e+03
   4.6220000e+03
   4.6230000e+03
   4.6730000e+03
   4.6740000e+03
   4.7240000e+03
   4.7250000e+03
   4.7750000e+03
   4.7760000e+03
   4.8260000e+03
   4.8270000e+03
   4.8770000e+03
   4.8780000e+03
   4.9280000e+03
   4.9290000e+03
   4.9790000e+03
   4.9800000e+03
   5.0300000e+03
   5.0310000e+03
   5.0810000e+03
   5.0820000e+03
   5.1320000e+03
   5.1330000e+03
   5.1830000e+03
   5.1840000e+03
   5.2340000e+03
   5.2350000e+03
   5.2850000e+03
   5.2860000e+03
   5.3360000e+03
   5.3370000e+03
   5.3870000e+03
   5.3880000e+03
   5.4380000e+03
   5.4390000e+03
   5.4890000e+03
   5.4900000e+03
   5.5400000e+03
   5.5410000e+03
   5.5910000e+03
   5.5920000e+03
   5.6420000e+03
   5.6430000e+03
   5.6930000e+03
   5.6940000e+03
   5.7440000e+03
   5.7450000e+03
   5.7950000e+03
   5.7960000e+03
   5.8460000e+03
   5.8470000e+03
   5.8970000e+03
   5.8980000e+03
   5.9480000e+03
   5.9490000e+03
   5.9990000e+03
   6.0000000e+03
   6.0010000e+03
   6.0020000e+03
   6.0030000e+03
   6.0040000e+03
   6.0050000e+03
   6.0060000e+03
   6.0070000e+03
   6.0080000e+03
   6.0090000e+03
   6.0100000e+03
   6.0110000e+03
   6.0120000e+03
   6.0130000e+03
   6.0140000e+03
   6.0150000e+03
   6.0160000e+03
   6.0170000e+03
   6.0180000e+03
   6.0190000e+03
   6.0200000e+03
   6.0210000e+03
   6.0220000e+03
   6.0230000e+03
   6.0240000e+03
   6.0250000e+03
   6.0260000e+03
   6.0270000e+03
   6.0280000e+03
   6.0290000e+03
   6.0300000e+03
   6.0310000e+03
   6.0320000e+03
   6.0330000e+03
   6.0340000e+03
   6.0350000e+03
   6.0360000e+03
   6.0370000e+03
   6.0380000e+03
   6.0390000e+03
   6.0400000e+03
   6.0410000e+03
   6.0420000e+03
   6.0430000e+03
   6.0440000e+03
   6.0450000e+03
   6.0460000e+03
   6.0470000e+03
   6.0480000e+03
   6.0490000e+03
   6.0500000e+03
   6.0510000e+03
   6.0520000e+03
   6.0530000e+03
   6.0540000e+03
   6.0550000e+03
   6.0560000e+03
   6.0570000e+03
   6.0580000e+03
   6.0590000e+03
   6.0600000e+03
   6.0610000e+03
   6.0620000e+03
   6.0630000e+03
   6.0640000e+03
   6.0650000e+03
   6.0660000e+03
   6.0670000e+03
   6.0680000e+03
   6.0690000e+03
   6.0700000e+03
   6.0710000e+03
   6.0720000e+03
   6.0730000e+03
   6.0740000e+03
   6.0750000e+03
   6.0760000e+03
   6.0770000e+03
   6.0780000e+03
   6.0790000e+03
   6.0800000e+03
   6.0810000e+03
   6.0820000e+03
   6.0830000e+03
   6.0840000e+03
   6.0850000e+03
   6.0860000e+03
   6.0870000e+03
   6.0880000e+03
   6.0890000e+03
   6.0900000e+03
   6.0910000e+03
   6.0920000e+03
   6.0930000e+03
   6.0940000e+03
   6.0950000e+03
   6.0960000e+03
   6.0970000e+03
   6.0980000e+03
   6.0990000e+03
   6.1000000e+03
   6.1010000e+03
   6.1020000e+03
   6.1030000e+03
   6.1040000e+03
   6.1050000e+03
   6.1060000e+03
   6.1070000e+03
   6.1080000e+03
   6.1090000e+03
   6.1100000e+03
   6.1110000e+03
   6.1120000e+03
   6.1130000e+03
   6.1140000e+03
   6.1150000e+03
   6.1160000e+03
   6.1170000e+03
   6.1180000e+03
   6.1190000e+03
   6.1200000e+03
   6.1210000e+03
   6.1220000e+03
   6.1230000e+03
   6.1240000e+03
   6.1250000e+03
   6.1260000e+03
   6.1270000e+03
   6.1280000e+03
   6.1290000e+03
   6.1300000e+03
   6.1310000e+03
   6.1320000e+03
   6.1330000e+03
   6.1340000e+03
   6.1350000e+03
   6.1360000e+03
   6.1370000e+03
   6.1380000e+03
   6.1390000e+03
   6.1400000e+03
   6.1410000e+03
   6.1420000e+03
   6.1430000e+03
   6.1440000e+03
   6.1450000e+03
   6.1460000e+03
   6.1470000e+03
   6.1480000e+03
   6.1490000e+03
   6.1500000e+03
   6.1510000e+03
   6.1520000e+03
   6.1530000e+03
   6.1540000e+03
   6.1550000e+03
   6.1560000e+03
   6.1570000e+03
   6.1580000e+03
   6.1590000e+03
   6.1600000e+03
   6.1610000e+03
   6.1620000e+03
   6.1630000e+03
   6.1640000e+03
   6.1650000e+03
   6.1660000e+03
   6.1670000e+03
   6.1680000e+03
   6.1690000e+03
   6.1700000e+03
   6.1710000e+03
   6.1720000e+03
   6.1730000e+03
   6.1740000e+03
   6.1750000e+03
   6.1760000e+03
   6.1770000e+03
   6.1780000e+03
   6.1790000e+03
   6.1800000e+03
   6.1810000e+03
   6.1820000e+03
   6.1830000e+03
   6.1840000e+03
   6.1850000e+03
   6.1860000e+03
   6.1870000e+03
   6.1880000e+03
   6.1890000e+03
   6.1900000e+03
   6.1910000e+03
   6.1920000e+03
   6.1930000e+03
   6.1940000e+03
   6.1950000e+03
   6.1960000e+03
   6.1970000e+03
   6.1980000e+03
   6.1990000e+03
   6.2000000e+03
   6.2010000e+03
   6.2020000e+03
   6.2030000e+03
   6.2040000e+03
   6.2050000e+03
   6.2060000e+03
   6.2070000e+03
   6.2080000e+03
   6.2090000e+03
   6.2100000e+03
   6.2110000e+03
   6.2120000e+03
   6.2130000e+03
   6.2140000e+03
   6.2150000e+03
   6.2160000e+03
   6.2170000e+03
   6.2180000e+03
   6.2190000e+03
   6.2200000e+03
   6.2210000e+03
   6.2220000e+03
   6.2230000e+03
   6.2240000e+03
   6.2250000e+03
   6.2260000e+03
   6.2270000e+03
   6.2280000e+03
   6.2290000e+03
   6.2300000e+03
   6.2310000e+03
   6.2320000e+03
   6.2330000e+03
   6.2340000e+03
   6.2350000e+03
   6.2360000e+03
   6.2370000e+03
   6.2380000e+03
   6.2390000e+03
   6.2400000e+03
   6.2410000e+03
   6.2420000e+03
   6.2430000e+03
   6.2440000e+03
   6.2450000e+03
   6.2460000e+03
   6.2470000e+03
   6.2480000e+03
   6.2490000e+03
   6.2500000e+03
   6.2510000e+03
   6.2520000e+03
   6.2530000e+03
   6.2540000e+03
   6.2550000e+03
   6.2560000e+03
   6.2570000e+03
   6.2580000e+03
   6.2590000e+03
   6.2600000e+03
   6.2610000e+03
   6.2620000e+03
   6.2630000e+03
   6.2640000e+03
   6.2650000e+03
   6.2660000e+03
   6.2670000e+03
   6.2680000e+03
   6.2690000e+03
   6.2700000e+03
   6.2710000e+03
   6.2720000e+03
   6.2730000e+03
   6.2740000e+03
   6.2750000e+03
   6.2760000e+03
   6.2770000e+03
   6.2780000e+03
   6.2790000e+03
   6.2800000e+03
   6.2810000e+03
   6.2820000e+03
   6.2830000e+03
   6.2840000e+03
   6.2850000e+03
   6.2860000e+03
   6.2870000e+03
   6.2880000e+03
   6.2890000e+03
   6.2900000e+03
   6.2910000e+03
   6.2920000e+03
   6.2930000e+03
   6.2940000e+03
   6.2950000e+03
   6.2960000e+03
   6.2970000e+03
   6.2980000e+03
   6.2990000e+03
   6.3000000e+03
   6.3010000e+03
   6.3020000e+03
   6.3030000e+03
   6.3040000e+03
   6.3050000e+03
   6.3060000e+03
   6.3070000e+03
   6.3080000e+03
   6.3090000e+03
   6.3100000e+03
   6.3110000e+03
   6.3120000e+03
   6.3130000e+03
   6.3140000e+03
   6.3150000e+03
   6.3160000e+03
   6.3170000e+03
   6.3180000e+03
   6.3190000e+03
   6.3200000e+03
   6.3210000e+03
   6.3220000e+03
   6.3230000e+03
   6.3240000e+03
   6.3250000e+03
   6.3260000e+03
   6.3270000e+03
   6.3280000e+03
   6.3290000e+03
   6.3300000e+03
   6.3310000e+03
   6.3320000e+03
   6.3330000e+03
   6.3340000e+03
   6.3350000e+03
   6.3360000e+03
   6.3370000e+03
   6.3380000e+03
   6.3390000e+03
   6.3400000e+03
   6.3410000e+03
   6.3420000e+03
   6.3430000e+03
   6.3440000e+03
   6.3450000e+03
   6.3460000e+03
   6.3470000e+03
   6.3480000e+03
   6.3490000e+03
   6.3500000e+03
   6.3510000e+03
   6.3520000e+03
   6.3530000e+03
   6.3540000e+03
   6.3550000e+03
   6.3560000e+03
   6.3570000e+03
   6.3580000e+03
   6.3590000e+03
   6.3600000e+03
   6.3610000e+03
   6.3620000e+03
   6.3630000e+03
   6.3640000e+03
   6.3650000e+03
   6.3660000e+03
   6.3670000e+03
   6.3680000e+03
   6.3690000e+03
   6.3700000e+03
   6.3710000e+03
   6.3720000e+03
   6.3730000e+03
   6.3740000e+03
   6.3750000e+03
   6.3760000e+03
   6.3770000e+03
   6.3780000e+03
   6.3790000e+03
   6.3800000e+03
   6.3810000e+03
   6.3820000e+03
   6.3830000e+03
   6.3840000e+03
   6.3850000e+03
   6.3860000e+03
   6.3870000e+03
   6.3880000e+03
   6.3890000e+03
   6.3900000e+03
   6.3910000e+03
   6.3920000e+03
   6.3930000e+03
   6.3940000e+03
   6.3950000e+03
   6.3960000e+03
   6.3970000e+03
   6.3980000e+03
   6.3990000e+03
   6.4000000e+03
